(title "X Velocity")
(labels "X Velocity" "Position")

((xy/key/label "x_0")
0	0
0	0.005
0.182657	0.0045
0.182657	0.0005
0.290364	0.004
0.290364	0.001
0.345693	0.0035
0.345694	0.0015
0.369562	0.003
0.369562	0.002
0.37591	0.0025
)

((xy/key/label "x_02")
0	0
0	0.005
0.182657	0.0045
0.182657	0.0005
0.290364	0.004
0.290364	0.001
0.345693	0.0035
0.345694	0.0015
0.369562	0.003
0.369562	0.002
0.37591	0.0025
)

((xy/key/label "x_05")
0	0
0	0.005
0.182657	0.0005
0.182658	0.0045
0.290364	0.001
0.290365	0.004
0.345693	0.0015
0.345694	0.0035
0.369561	0.002
0.369562	0.003
0.37591	0.0025
)
