(title "X Velocity")
(labels "X Velocity" "Position")

((xy/key/label "x_0")
0	0
0	0.005
0.158051	0.0005
0.158051	0.0045
0.284288	0.001
0.284288	0.004
0.370315	0.0015
0.370315	0.0035
0.418608	0.002
0.418608	0.003
0.433985	0.0025
)

((xy/key/label "x_02")
0	0
0	0.005
0.158051	0.0045
0.158051	0.0005
0.284288	0.004
0.284288	0.001
0.370315	0.0035
0.370315	0.0015
0.418608	0.003
0.418608	0.002
0.433985	0.0025
)

((xy/key/label "x_05")
0	0
0	0.005
0.158053	0.0045
0.158053	0.0005
0.28429	0.004
0.284291	0.001
0.370315	0.0035
0.370315	0.0015
0.418605	0.003
0.418605	0.002
0.433981	0.0025
)
