(title "X Velocity")
(labels "X Velocity" "Position")

((xy/key/label "x_0")
-0.134962	0.001
-0.134962	0.004
-0.129701	0.0015
-0.129701	0.0035
-0.116404	0.002
-0.116404	0.003
-0.110347	0.0025
-0.105018	0.0005
-0.105018	0.0045
0	0
0	0.005
)

((xy/key/label "x_02")
-0.134962	0.001
-0.134962	0.004
-0.129701	0.0015
-0.129701	0.0035
-0.116404	0.002
-0.116404	0.003
-0.110347	0.0025
-0.105018	0.0005
-0.105018	0.0045
0	0
0	0.005
)

((xy/key/label "x_05")
-0.134962	0.004
-0.134962	0.001
-0.129701	0.0035
-0.129701	0.0015
-0.116404	0.003
-0.116404	0.002
-0.110347	0.0025
-0.105018	0.0045
-0.105018	0.0005
0	0
0	0.005
)
