(title "X Velocity")
(labels "X Velocity" "Position")

((xy/key/label "x_01")
-0.00424539	0
-0.00224306	0.00141978
0	0.01
0.00269065	0.00263776
0.00961075	0.00373641
0.0161153	0.00949166
0.0175935	0.00474159
0.0252999	0.00564116
0.0268732	0.00898041
0.0316106	0.00645196
0.0333843	0.00844672
0.035537	0.00718958
0.0362567	0.00785214
)

((xy/key/label "x_02")
-0.00424535	0
-0.00224324	0.0014197
0	0.01
0.00269017	0.00263766
0.0096107	0.0037364
0.0161141	0.00949171
0.0175973	0.00474204
0.0253031	0.00564153
0.0268719	0.0089805
0.0316128	0.00645226
0.0333832	0.00844685
0.0355379	0.00718982
0.0362565	0.00785233
)

((xy/key/label "x_03")
-0.0042453	0
-0.00224342	0.00141962
0	0.01
0.00268968	0.00263756
0.00961065	0.00373638
0.016113	0.00949175
0.0176011	0.00474249
0.0253063	0.0056419
0.0268705	0.00898059
0.0316149	0.00645257
0.0333822	0.00844699
0.0355389	0.00719006
0.0362562	0.00785251
)

((xy/key/label "x_05")
-0.00424521	0
-0.00224378	0.00141946
0	0.01
0.00268872	0.00263736
0.00961054	0.00373636
0.0161108	0.00949184
0.0176087	0.0047434
0.0253127	0.00564265
0.0268677	0.00898076
0.0316193	0.00645318
0.0333801	0.00844725
0.0355407	0.00719054
0.0362558	0.00785288
)
