(title "X Velocity")
(labels "X Velocity" "Position")

((xy/key/label "x_01")
-0.119486	0.00373641
-0.118955	0.00474159
-0.118187	0.00263776
-0.116395	0.00141978
-0.115542	0.00564116
-0.115475	0
-0.10862	0.00645196
-0.0978914	0.00718958
-0.0836877	0.00785214
-0.0666032	0.00844672
-0.0473938	0.00898041
-0.0253789	0.00949166
0	0.01
)

((xy/key/label "x_02")
-0.119486	0.0037364
-0.118954	0.00474204
-0.118187	0.00263766
-0.116395	0.0014197
-0.115539	0.00564153
-0.115475	0
-0.108616	0.00645226
-0.0978871	0.00718982
-0.0836831	0.00785233
-0.0665989	0.00844685
-0.0473904	0.0089805
-0.0253769	0.00949171
0	0.01
)

((xy/key/label "x_03")
-0.119486	0.00373638
-0.118953	0.00474249
-0.118186	0.00263756
-0.116394	0.00141962
-0.115537	0.0056419
-0.115475	0
-0.108613	0.00645257
-0.0978828	0.00719006
-0.0836785	0.00785251
-0.0665946	0.00844699
-0.0473869	0.00898059
-0.0253749	0.00949175
0	0.01
)

((xy/key/label "x_05")
-0.119486	0.00373636
-0.118951	0.0047434
-0.118186	0.00263736
-0.116394	0.00141946
-0.115533	0.00564265
-0.115475	0
-0.108606	0.00645318
-0.0978741	0.00719054
-0.0836693	0.00785288
-0.0665859	0.00844725
-0.04738	0.00898076
-0.0253708	0.00949184
0	0.01
)
