(title "X Velocity")
(labels "X Velocity" "Position")

((xy/key/label "x_01")
0	0.01
0.00801306	0.00949166
0.018023	0.00898041
0.0294426	0.00844672
0.0422719	0.00785214
0.0557235	0.00718958
0.0688467	0.00645196
0.0805504	0.00564116
0.0901875	0.00474159
0.0973323	0.00373641
0.101824	0.00263776
0.104168	0.00141978
0.104926	0
)

((xy/key/label "x_02")
0	0.01
0.00801223	0.00949171
0.0180211	0.0089805
0.0294397	0.00844685
0.042268	0.00785233
0.0557189	0.00718982
0.0688419	0.00645226
0.0805457	0.00564153
0.0901833	0.00474204
0.0973321	0.0037364
0.101824	0.00263766
0.104168	0.0014197
0.104926	0
)

((xy/key/label "x_03")
0	0.01
0.00801146	0.00949175
0.0180193	0.00898059
0.0294368	0.00844699
0.0422641	0.00785251
0.0557142	0.00719006
0.0688369	0.00645257
0.0805409	0.0056419
0.090179	0.00474249
0.0973319	0.00373638
0.101824	0.00263756
0.104168	0.00141962
0.104926	0
)

((xy/key/label "x_05")
0	0.01
0.0080098	0.00949184
0.0180155	0.00898076
0.0294308	0.00844725
0.042256	0.00785288
0.0557046	0.00719054
0.0688267	0.00645318
0.0805311	0.00564265
0.0901707	0.0047434
0.097332	0.00373636
0.101825	0.00263736
0.104168	0.00141946
0.104926	0
)
