(title "X Velocity")
(labels "X Velocity" "Position")

((xy/key/label "x_01")
0	0.01
0.0242659	0.00949166
0.0451776	0.00898041
0.0632695	0.00844672
0.0791695	0.00785214
0.0921492	0.00718958
0.101655	0.00645196
0.104054	0
0.105154	0.00141978
0.107408	0.00263776
0.107419	0.00564116
0.109403	0.00373641
0.109778	0.00474159
)

((xy/key/label "x_02")
0	0.01
0.0242638	0.00949171
0.0451741	0.0089805
0.0632653	0.00844685
0.0791651	0.00785233
0.0921453	0.00718982
0.101652	0.00645226
0.104054	0
0.105154	0.0014197
0.107408	0.00263766
0.107418	0.00564153
0.109403	0.0037364
0.109778	0.00474204
)

((xy/key/label "x_03")
0	0.01
0.0242619	0.00949175
0.0451709	0.00898059
0.0632613	0.00844699
0.0791609	0.00785251
0.0921416	0.00719006
0.101649	0.00645257
0.104054	0
0.105154	0.00141962
0.107407	0.00263756
0.107416	0.0056419
0.109403	0.00373638
0.109778	0.00474249
)

((xy/key/label "x_05")
0	0.01
0.0242581	0.00949184
0.0451644	0.00898076
0.0632532	0.00844725
0.0791524	0.00785288
0.0921338	0.00719054
0.101643	0.00645318
0.104053	0
0.105154	0.00141946
0.107407	0.00263736
0.107412	0.00564265
0.109403	0.00373636
0.109777	0.0047434
)
