(title "X Velocity")
(labels "X Velocity" "Position")

((xy/key/label "x_01")
-0.00224745	0
-0.000294106	0.00141978
0	0.01
0.00452101	0.00263776
0.0112769	0.00373641
0.0162754	0.00949166
0.0190658	0.00474159
0.0265673	0.00564116
0.0271934	0.00898041
0.0326712	0.00645196
0.0338692	0.00844672
0.0363942	0.00718958
0.036921	0.00785214
)

((xy/key/label "x_02")
-0.00224741	0
-0.000294284	0.0014197
0	0.01
0.00452054	0.00263766
0.0112768	0.0037364
0.0162743	0.00949171
0.0190695	0.00474204
0.0265704	0.00564153
0.027192	0.0089805
0.0326733	0.00645226
0.0338681	0.00844685
0.036395	0.00718982
0.0369208	0.00785233
)

((xy/key/label "x_03")
-0.00224736	0
-0.000294457	0.00141962
0	0.01
0.00452007	0.00263756
0.0112768	0.00373638
0.0162732	0.00949175
0.0190732	0.00474249
0.0265735	0.0056419
0.0271906	0.00898059
0.0326754	0.00645257
0.033867	0.00844699
0.0363959	0.00719006
0.0369205	0.00785251
)

((xy/key/label "x_05")
-0.00224727	0
-0.000294802	0.00141946
0	0.01
0.00451913	0.00263736
0.0112767	0.00373636
0.0162709	0.00949184
0.0190807	0.0047434
0.0265797	0.00564265
0.0271878	0.00898076
0.0326795	0.00645318
0.0338649	0.00844725
0.0363976	0.00719054
0.0369199	0.00785288
)
