(title "Axial Velocity")
(labels "Axial Velocity" "Position")

((xy/key/label "x_01")
0	0.01
0.0476238	0.00949166
0.0916893	0.00898041
0.133757	0.00844672
0.176115	0.00785214
0.218028	0.00718958
0.258562	0.00645196
0.29625	0.00564116
0.330411	0.00474159
0.360029	0.00373641
0.38321	0.00263776
0.398914	0.00141978
0.405165	0
)

((xy/key/label "x_02")
0	0.01
0.0476197	0.00949171
0.0916818	0.0089805
0.133747	0.00844685
0.176103	0.00785233
0.218014	0.00718982
0.258547	0.00645226
0.296235	0.00564153
0.330394	0.00474204
0.360028	0.0037364
0.383212	0.00263766
0.398916	0.0014197
0.405166	0
)

((xy/key/label "x_03")
0	0.01
0.0476158	0.00949175
0.0916746	0.00898059
0.133737	0.00844699
0.176091	0.00785251
0.218	0.00719006
0.258532	0.00645257
0.29622	0.0056419
0.330378	0.00474249
0.360027	0.00373638
0.383213	0.00263756
0.398917	0.00141962
0.405167	0
)
