(title "Axial Velocity")
(labels "Axial Velocity" "Position")

((xy/key/label "x_01")
0	0.01
0.0538764	0.00949166
0.10448	0.00898041
0.153566	0.00844672
0.203879	0.00785214
0.254686	0.00718958
0.304971	0.00645196
0.352941	0.00564116
0.397643	0.00474159
0.43754	0.00373641
0.469655	0.00263776
0.49194	0.00141978
0.500939	0
)

((xy/key/label "x_02")
0	0.01
0.0538717	0.00949171
0.104471	0.0089805
0.153554	0.00844685
0.203864	0.00785233
0.254669	0.00718982
0.304953	0.00645226
0.352922	0.00564153
0.397622	0.00474204
0.437538	0.0037364
0.469658	0.00263766
0.491942	0.0014197
0.50094	0
)

((xy/key/label "x_03")
0	0.01
0.0538672	0.00949175
0.104463	0.00898059
0.153542	0.00844699
0.203849	0.00785251
0.254651	0.00719006
0.304933	0.00645257
0.352902	0.0056419
0.3976	0.00474249
0.437537	0.00373638
0.46966	0.00263756
0.491944	0.00141962
0.500941	0
)
