(title "Axial Velocity")
(labels "Axial Velocity" "Position")

((xy/key/label "x_01")
0	0.01
0.060484	0.00949166
0.117998	0.00898041
0.174507	0.00844672
0.233236	0.00785214
0.293465	0.00718958
0.354093	0.00645196
0.412987	0.00564116
0.468911	0.00474159
0.519776	0.00373641
0.561449	0.00263776
0.590787	0.00141978
0.602735	0
)

((xy/key/label "x_02")
0	0.01
0.0604788	0.00949171
0.117988	0.0089805
0.174493	0.00844685
0.233218	0.00785233
0.293444	0.00718982
0.35407	0.00645226
0.412963	0.00564153
0.468885	0.00474204
0.519774	0.0037364
0.561452	0.00263766
0.590789	0.0014197
0.602737	0
)

((xy/key/label "x_03")
0	0.01
0.0604737	0.00949175
0.117979	0.00898059
0.174479	0.00844699
0.233201	0.00785251
0.293423	0.00719006
0.354047	0.00645257
0.412938	0.0056419
0.468858	0.00474249
0.519773	0.00373638
0.561455	0.00263756
0.590791	0.00141962
0.602738	0
)
