(title "Axial Velocity")
(labels "Axial Velocity" "Position")

((xy/key/label "x_01")
0	0.01
0.036146	0.00949166
0.0682345	0.00898041
0.0974977	0.00844672
0.125441	0.00785214
0.15139	0.00718958
0.174655	0.00645196
0.194444	0.00564116
0.210631	0.00474159
0.223139	0.00373641
0.231809	0.00263776
0.237062	0.00141978
0.239007	0
)

((xy/key/label "x_02")
0	0.01
0.036143	0.00949171
0.0682292	0.0089805
0.0974908	0.00844685
0.125433	0.00785233
0.151381	0.00718982
0.174647	0.00645226
0.194436	0.00564153
0.210624	0.00474204
0.223138	0.0037364
0.23181	0.00263766
0.237063	0.0014197
0.239008	0
)

((xy/key/label "x_03")
0	0.01
0.0361402	0.00949175
0.0682242	0.00898059
0.0974842	0.00844699
0.125425	0.00785251
0.151373	0.00719006
0.174638	0.00645257
0.194428	0.0056419
0.210616	0.00474249
0.223137	0.00373638
0.23181	0.00263756
0.237063	0.00141962
0.239008	0
)
