(title "X Velocity")
(labels "X Velocity" "Position")

((xy/key/label "x_05")
0	0
0	0.005
0.0195385	0.0005
0.0195385	0.0045
0.0264139	0.001
0.0264139	0.004
0.0283948	0.0015
0.0283948	0.0035
0.0288727	0.002
0.0288727	0.003
0.0289549	0.0025
)

((xy/key/label "x-0")
0	0
0	0.005
0.0195385	0.0005
0.0195385	0.0045
0.0264139	0.001
0.0264139	0.004
0.0283948	0.0015
0.0283948	0.0035
0.0288727	0.002
0.0288727	0.003
0.0289549	0.0025
)

((xy/key/label "x-01")
0	0
0	0.005
0.0195385	0.0005
0.0195385	0.0045
0.0264139	0.001
0.0264139	0.004
0.0283948	0.0015
0.0283948	0.0035
0.0288727	0.002
0.0288727	0.003
0.0289549	0.0025
)

((xy/key/label "x-02")
0	0
0	0.005
0.0195385	0.0005
0.0195385	0.0045
0.0264139	0.001
0.0264139	0.004
0.0283948	0.0015
0.0283948	0.0035
0.0288727	0.002
0.0288727	0.003
0.0289549	0.0025
)

((xy/key/label "x-03")
0	0
0	0.005
0.0195385	0.0005
0.0195385	0.0045
0.0264139	0.001
0.0264139	0.004
0.0283948	0.0015
0.0283948	0.0035
0.0288727	0.002
0.0288727	0.003
0.0289549	0.0025
)
