(title "X Velocity")
(labels "X Velocity" "Position")

((xy/key/label "x_05")
0	0
0	0.005
0.00760481	0.0005
0.00760481	0.0045
0.00885074	0.001
0.00885074	0.004
0.00901579	0.0015
0.00901579	0.0035
0.0090348	0.002
0.0090348	0.003
0.0090366	0.0025
)

((xy/key/label "x-0")
0	0
0	0.005
0.00760481	0.0005
0.00760481	0.0045
0.00885074	0.001
0.00885074	0.004
0.00901579	0.0015
0.00901579	0.0035
0.0090348	0.002
0.0090348	0.003
0.0090366	0.0025
)

((xy/key/label "x-01")
0	0
0	0.005
0.00760481	0.0005
0.00760481	0.0045
0.00885074	0.001
0.00885074	0.004
0.00901579	0.0015
0.00901579	0.0035
0.0090348	0.002
0.0090348	0.003
0.0090366	0.0025
)

((xy/key/label "x-02")
0	0
0	0.005
0.00760481	0.0005
0.00760481	0.0045
0.00885074	0.001
0.00885074	0.004
0.00901579	0.0015
0.00901579	0.0035
0.0090348	0.002
0.0090348	0.003
0.0090366	0.0025
)

((xy/key/label "x-03")
0	0
0	0.005
0.00760481	0.0005
0.00760481	0.0045
0.00885074	0.001
0.00885074	0.004
0.00901579	0.0015
0.00901579	0.0035
0.0090348	0.002
0.0090348	0.003
0.0090366	0.0025
)
