(title "X Velocity")
(labels "X Velocity" "Position")

((xy/key/label "x_05")
0	0
0	0.005
0.0667523	0.0045
0.0667524	0.0005
0.112989	0.004
0.112989	0.001
0.142751	0.0035
0.142751	0.0015
0.159236	0.003
0.159236	0.002
0.164496	0.0025
)

((xy/key/label "x-0")
0	0
0	0.005
0.0667523	0.0005
0.0667524	0.0045
0.112989	0.001
0.112989	0.004
0.142751	0.0015
0.142751	0.0035
0.159236	0.002
0.159236	0.003
0.164496	0.0025
)

((xy/key/label "x-01")
0	0
0	0.005
0.0667523	0.0005
0.0667524	0.0045
0.112989	0.001
0.112989	0.004
0.142751	0.0015
0.142751	0.0035
0.159236	0.002
0.159236	0.003
0.164496	0.0025
)

((xy/key/label "x-02")
0	0
0	0.005
0.0667523	0.0005
0.0667524	0.0045
0.112989	0.001
0.112989	0.004
0.142751	0.0015
0.142751	0.0035
0.159236	0.002
0.159236	0.003
0.164496	0.0025
)

((xy/key/label "x-03")
0	0
0	0.005
0.0667523	0.0045
0.0667524	0.0005
0.112989	0.004
0.112989	0.001
0.142751	0.0035
0.142751	0.0015
0.159236	0.003
0.159236	0.002
0.164496	0.0025
)
