(title "X Velocity")
(labels "X Velocity" "Position")

((xy/key/label "x_05")
0	0
0	0.005
0.0282572	0.0005
0.0282572	0.0045
0.0412567	0.001
0.0412567	0.004
0.0464327	0.0015
0.0464327	0.0035
0.0481991	0.002
0.0481991	0.003
0.048601	0.0025
)

((xy/key/label "x-0")
0	0
0	0.005
0.0282572	0.0005
0.0282572	0.0045
0.0412567	0.001
0.0412567	0.004
0.0464327	0.0015
0.0464327	0.0035
0.0481991	0.002
0.0481991	0.003
0.048601	0.0025
)

((xy/key/label "x-01")
0	0
0	0.005
0.0282572	0.0005
0.0282572	0.0045
0.0412567	0.001
0.0412567	0.004
0.0464327	0.0015
0.0464327	0.0035
0.0481991	0.002
0.0481991	0.003
0.048601	0.0025
)

((xy/key/label "x-02")
0	0
0	0.005
0.0282572	0.0005
0.0282572	0.0045
0.0412567	0.001
0.0412567	0.004
0.0464327	0.0015
0.0464327	0.0035
0.0481991	0.002
0.0481991	0.003
0.048601	0.0025
)

((xy/key/label "x-03")
0	0
0	0.005
0.0282572	0.0005
0.0282572	0.0045
0.0412567	0.001
0.0412567	0.004
0.0464327	0.0015
0.0464327	0.0035
0.0481991	0.002
0.0481991	0.003
0.048601	0.0025
)
