(title "X Velocity")
(labels "X Velocity" "Position")

((xy/key/label "x-0")
0	0.005
0.108136	0.0045
0.191699	0.004
0.251075	0.0035
0.286569	0.003
0.298377	0.0025
0.286569	0.002
0.251075	0.0015
0.191699	0.001
0.108136	0.0005
0	0
)

((xy/key/label "x-01")
0	0.005
0.108136	0.0045
0.191699	0.004
0.251075	0.0035
0.286569	0.003
0.298377	0.0025
0.286569	0.002
0.251075	0.0015
0.191699	0.001
0.108136	0.0005
0	0
)

((xy/key/label "x-02")
0	0.005
0.108136	0.0045
0.191699	0.004
0.251075	0.0035
0.286569	0.003
0.298377	0.0025
0.286569	0.002
0.251075	0.0015
0.191699	0.001
0.108136	0.0005
0	0
)

((xy/key/label "x-03")
0	0.005
0.108136	0.0045
0.191699	0.004
0.251075	0.0035
0.286569	0.003
0.298377	0.0025
0.286569	0.002
0.251075	0.0015
0.191699	0.001
0.108136	0.0005
0	0
)
