(title "Axial Velocity")
(labels "Axial Velocity" "Position")

((xy/key/label "x_01")
0	0.01
0.0429351	0.00949166
0.0872218	0.00898041
0.13353	0.00844672
0.18396	0.00785214
0.237354	0.00718958
0.291963	0.00645196
0.345003	0.00564116
0.394638	0.00474159
0.438627	0.00373641
0.473535	0.00263776
0.497375	0.00141978
0.506899	0
)

((xy/key/label "x_02")
0	0.01
0.0429312	0.00949171
0.0872139	0.0089805
0.133518	0.00844685
0.183944	0.00785233
0.237335	0.00718982
0.291942	0.00645226
0.344981	0.00564153
0.394614	0.00474204
0.438626	0.0037364
0.473538	0.00263766
0.497377	0.0014197
0.5069	0
)

((xy/key/label "x_03")
0	0.01
0.0429274	0.00949175
0.0872062	0.00898059
0.133506	0.00844699
0.183929	0.00785251
0.237317	0.00719006
0.291921	0.00645257
0.344958	0.0056419
0.394591	0.00474249
0.438625	0.00373638
0.473541	0.00263756
0.497379	0.00141962
0.506901	0
)
