(title "Axial Velocity")
(labels "Axial Velocity" "Position")

((xy/key/label "x_01")
0	0.01
0.0223822	0.00949166
0.0384923	0.00898041
0.0502371	0.00844672
0.0589764	0.00785214
0.0650642	0.00718958
0.0689879	0.00645196
0.0712807	0.00564116
0.0725115	0.00474159
0.0731077	0.00373641
0.0733584	0.00263776
0.0734519	0.00141978
0.0734763	0
)

((xy/key/label "x_02")
0	0.01
0.0223806	0.00949171
0.0384901	0.0089805
0.0502347	0.00844685
0.0589743	0.00785233
0.0650626	0.00718982
0.0689868	0.00645226
0.07128	0.00564153
0.0725111	0.00474204
0.0731078	0.0037364
0.0733585	0.00263766
0.0734519	0.0014197
0.0734764	0
)

((xy/key/label "x_03")
0	0.01
0.022379	0.00949175
0.0384878	0.00898059
0.0502324	0.00844699
0.0589722	0.00785251
0.065061	0.00719006
0.0689857	0.00645257
0.0712793	0.0056419
0.0725108	0.00474249
0.0731078	0.00373638
0.0733586	0.00263756
0.073452	0.00141962
0.0734764	0
)
