(title "Axial Velocity")
(labels "Axial Velocity" "Position")

((xy/key/label "x_01")
0	0.01
0.042773	0.00949166
0.080125	0.00898041
0.114501	0.00844672
0.148577	0.00785214
0.182497	0.00718958
0.21619	0.00645196
0.248894	0.00564116
0.280124	0.00474159
0.308701	0.00373641
0.332174	0.00263776
0.348672	0.00141978
0.355373	0
)

((xy/key/label "x_02")
0	0.01
0.0427696	0.00949171
0.0801189	0.0089805
0.114493	0.00844685
0.148567	0.00785233
0.182485	0.00718982
0.216178	0.00645226
0.248881	0.00564153
0.280109	0.00474204
0.3087	0.0037364
0.332176	0.00263766
0.348674	0.0014197
0.355374	0
)

((xy/key/label "x_03")
0	0.01
0.0427662	0.00949175
0.080113	0.00898059
0.114485	0.00844699
0.148558	0.00785251
0.182474	0.00719006
0.216165	0.00645257
0.248867	0.0056419
0.280094	0.00474249
0.308699	0.00373638
0.332178	0.00263756
0.348675	0.00141962
0.355375	0
)
