(title "Axial Velocity")
(labels "Axial Velocity" "Position")

((xy/key/label "x_01")
0	0.01
0.0531456	0.00949166
0.0995176	0.00898041
0.140576	0.00844672
0.178146	0.00785214
0.211074	0.00718958
0.23849	0.00645196
0.25979	0.00564116
0.275461	0.00474159
0.286203	0.00373641
0.292762	0.00263776
0.296291	0.00141978
0.297499	0
)

((xy/key/label "x_02")
0	0.01
0.0531412	0.00949171
0.0995101	0.0089805
0.140566	0.00844685
0.178135	0.00785233
0.211064	0.00718982
0.238481	0.00645226
0.259783	0.00564153
0.275454	0.00474204
0.286203	0.0037364
0.292763	0.00263766
0.296292	0.0014197
0.297499	0
)

((xy/key/label "x_03")
0	0.01
0.053137	0.00949175
0.0995028	0.00898059
0.140557	0.00844699
0.178125	0.00785251
0.211054	0.00719006
0.238471	0.00645257
0.259775	0.0056419
0.275448	0.00474249
0.286202	0.00373638
0.292763	0.00263756
0.296292	0.00141962
0.2975	0
)
