(title "Axial Velocity")
(labels "Axial Velocity" "Position")

((xy/key/label "x_01")
0	0.01
0.00794986	0
0.0103392	0.00141978
0.0160067	0.00263776
0.0170211	0.00949166
0.023454	0.00373641
0.029333	0.00898041
0.0313497	0.00474159
0.0378224	0.00844672
0.0381805	0.00564116
0.0428832	0.00645196
0.0429993	0.00785214
0.0446588	0.00718958
)

((xy/key/label "x_02")
0	0.01
0.00795002	0
0.010339	0.0014197
0.0160063	0.00263766
0.0170199	0.00949171
0.023454	0.0037364
0.0293313	0.0089805
0.0313533	0.00474204
0.0378209	0.00844685
0.0381831	0.00564153
0.0428846	0.00645226
0.0429984	0.00785233
0.0446589	0.00718982
)

((xy/key/label "x_03")
0	0.01
0.00795015	0
0.0103389	0.00141962
0.0160058	0.00263756
0.0170187	0.00949175
0.023454	0.00373638
0.0293296	0.00898059
0.0313569	0.00474249
0.0378194	0.00844699
0.0381858	0.0056419
0.0428861	0.00645257
0.0429975	0.00785251
0.0446591	0.00719006
)
