(title "Axial Velocity")
(labels "Axial Velocity" "Position")

((xy/key/label "x_01")
0	0.01
0.00725242	0
0.0096619	0.00141978
0.0153777	0.00263776
0.0169758	0.00949166
0.0228905	0.00373641
0.0292403	0.00898041
0.0308612	0.00474159
0.0376789	0.00844672
0.0377689	0.00564116
0.0425465	0.00645196
0.042798	0.00785214
0.0443929	0.00718958
)

((xy/key/label "x_02")
0	0.01
0.00725257	0
0.00966178	0.0014197
0.0153773	0.00263766
0.0169746	0.00949171
0.0228905	0.0037364
0.0292386	0.0089805
0.0308649	0.00474204
0.0376773	0.00844685
0.0377716	0.00564153
0.0425479	0.00645226
0.0427971	0.00785233
0.0443931	0.00718982
)

((xy/key/label "x_03")
0	0.01
0.0072527	0
0.00966164	0.00141962
0.0153768	0.00263756
0.0169734	0.00949175
0.0228905	0.00373638
0.0292369	0.00898059
0.0308685	0.00474249
0.0376758	0.00844699
0.0377743	0.0056419
0.0425494	0.00645257
0.0427963	0.00785251
0.0443933	0.00719006
)
