(title "Axial Velocity")
(labels "Axial Velocity" "Position")

((xy/key/label "x_01")
0	0.01
0.0228102	0.00949166
0.0433189	0.00898041
0.0619186	0.00844672
0.0792254	0.00785214
0.0944653	0.00718958
0.106922	0.00645196
0.116013	0.00564116
0.121751	0.00474159
0.123666	0
0.124171	0.00141978
0.124455	0.00373641
0.124863	0.00263776
)

((xy/key/label "x_02")
0	0.01
0.0228083	0.00949171
0.0433156	0.0089805
0.0619143	0.00844685
0.0792206	0.00785233
0.0944605	0.00718982
0.106918	0.00645226
0.11601	0.00564153
0.121749	0.00474204
0.123666	0
0.124171	0.0014197
0.124455	0.0037364
0.124863	0.00263766
)

((xy/key/label "x_03")
0	0.01
0.0228064	0.00949175
0.0433123	0.00898059
0.06191	0.00844699
0.0792158	0.00785251
0.0944558	0.00719006
0.106914	0.00645257
0.116007	0.0056419
0.121747	0.00474249
0.123666	0
0.124171	0.00141962
0.124455	0.00373638
0.124863	0.00263756
)
