(title "Axial Velocity")
(labels "Axial Velocity" "Position")

((xy/key/label "x_01")
0	0.01
0.00586834	0.00949166
0.0141458	0.00898041
0.0243376	0.00844672
0.0365513	0.00785214
0.0502116	0.00718958
0.0645127	0.00645196
0.0783547	0.00564116
0.0909463	0.00474159
0.101541	0.00373641
0.109371	0.00263776
0.114315	0.00141978
0.116183	0
)

((xy/key/label "x_02")
0	0.01
0.00586771	0.00949171
0.0141443	0.0089805
0.0243349	0.00844685
0.0365475	0.00785233
0.0502068	0.00718982
0.0645072	0.00645226
0.0783487	0.00564153
0.0909403	0.00474204
0.101541	0.0037364
0.109372	0.00263766
0.114316	0.0014197
0.116183	0
)

((xy/key/label "x_03")
0	0.01
0.0058671	0.00949175
0.0141427	0.00898059
0.0243323	0.00844699
0.0365437	0.00785251
0.0502019	0.00719006
0.0645015	0.00645257
0.0783427	0.0056419
0.0909344	0.00474249
0.101541	0.00373638
0.109372	0.00263756
0.114316	0.00141962
0.116184	0
)
