(title "Axial Velocity")
(labels "Axial Velocity" "Position")

((xy/key/label "x_01")
-0.129245	0.00263776
-0.128794	0.00141978
-0.128486	0.00373641
-0.128386	0
-0.125345	0.00474159
-0.119123	0.00564116
-0.109526	0.00645196
-0.0965608	0.00718958
-0.0808352	0.00785214
-0.0630788	0.00844672
-0.0440729	0.00898041
-0.0231802	0.00949166
0	0.01
)

((xy/key/label "x_02")
-0.129245	0.00263766
-0.128794	0.0014197
-0.128486	0.0037364
-0.128386	0
-0.125343	0.00474204
-0.11912	0.00564153
-0.109522	0.00645226
-0.0965559	0.00718982
-0.0808303	0.00785233
-0.0630744	0.00844685
-0.0440696	0.0089805
-0.0231783	0.00949171
0	0.01
)

((xy/key/label "x_03")
-0.129245	0.00263756
-0.128794	0.00141962
-0.128486	0.00373638
-0.128386	0
-0.12534	0.00474249
-0.119116	0.0056419
-0.109518	0.00645257
-0.0965509	0.00719006
-0.0808253	0.00785251
-0.0630701	0.00844699
-0.0440662	0.00898059
-0.0231764	0.00949175
0	0.01
)
