(title "X Velocity")
(labels "X Velocity" "Position")

((xy/key/label "x_01")
0	0.01
0.100246	0.00949166
0.194702	0.00898041
0.28666	0.00844672
0.381323	0.00785214
0.477416	0.00718958
0.573109	0.00645196
0.665038	0.00564116
0.751367	0.00474159
0.829056	0.00373641
0.892103	0.00263776
0.936153	0.00141978
0.954014	0
)

((xy/key/label "x_02")
0	0.01
0.100237	0.00949171
0.194686	0.0089805
0.286637	0.00844685
0.381294	0.00785233
0.477383	0.00718982
0.573071	0.00645226
0.664999	0.00564153
0.751327	0.00474204
0.829055	0.0037364
0.892108	0.00263766
0.936156	0.0014197
0.954015	0
)

((xy/key/label "x_03")
0	0.01
0.100229	0.00949175
0.19467	0.00898059
0.286615	0.00844699
0.381266	0.00785251
0.477349	0.00719006
0.573034	0.00645257
0.664959	0.0056419
0.751287	0.00474249
0.829055	0.00373638
0.892113	0.00263756
0.936158	0.00141962
0.954016	0
)

((xy/key/label "x_05")
0	0.01
0.100212	0.00949184
0.194638	0.00898076
0.28657	0.00844725
0.381209	0.00785288
0.477282	0.00719054
0.572959	0.00645318
0.66488	0.00564265
0.751207	0.0047434
0.829055	0.00373636
0.892122	0.00263736
0.936163	0.00141946
0.954018	0
)
