(title "X Velocity")
(labels "X Velocity" "Position")

((xy/key/label "x_01")
0	0.01
0.0745561	0.00949166
0.14334	0.00898041
0.208857	0.00844672
0.274719	0.00785214
0.33983	0.00718958
0.402804	0.00645196
0.461428	0.00564116
0.514696	0.00474159
0.561057	0.00373641
0.597513	0.00263776
0.622332	0.00141978
0.632243	0
)

((xy/key/label "x_02")
0	0.01
0.0745496	0.00949171
0.143328	0.0089805
0.208841	0.00844685
0.2747	0.00785233
0.339808	0.00718982
0.40278	0.00645226
0.461404	0.00564153
0.514672	0.00474204
0.561057	0.0037364
0.597516	0.00263766
0.622333	0.0014197
0.632244	0
)

((xy/key/label "x_03")
0	0.01
0.0745433	0.00949175
0.143317	0.00898059
0.208825	0.00844699
0.27468	0.00785251
0.339786	0.00719006
0.402756	0.00645257
0.461379	0.0056419
0.514647	0.00474249
0.561056	0.00373638
0.597518	0.00263756
0.622335	0.00141962
0.632245	0
)

((xy/key/label "x_05")
0	0.01
0.0745308	0.00949184
0.143294	0.00898076
0.208794	0.00844725
0.274641	0.00785288
0.339741	0.00719054
0.402708	0.00645318
0.46133	0.00564265
0.514599	0.0047434
0.561056	0.00373636
0.597524	0.00263736
0.622338	0.00141946
0.632246	0
)
