(title "X Velocity")
(labels "X Velocity" "Position")

((xy/key/label "x_01")
0	0.01
0.0516508	0.00949166
0.0975675	0.00898041
0.139576	0.00844672
0.179909	0.00785214
0.217682	0.00718958
0.251967	0.00645196
0.281623	0.00564116
0.306417	0.00474159
0.326099	0.00373641
0.340174	0.00263776
0.348971	0.00141978
0.352301	0
)

((xy/key/label "x_02")
0	0.01
0.0516463	0.00949171
0.0975597	0.0089805
0.139566	0.00844685
0.179897	0.00785233
0.217669	0.00718982
0.251955	0.00645226
0.281611	0.00564153
0.306406	0.00474204
0.326099	0.0037364
0.340175	0.00263766
0.348972	0.0014197
0.352302	0
)

((xy/key/label "x_03")
0	0.01
0.051642	0.00949175
0.0975521	0.00898059
0.139556	0.00844699
0.179886	0.00785251
0.217657	0.00719006
0.251942	0.00645257
0.2816	0.0056419
0.306395	0.00474249
0.326099	0.00373638
0.340176	0.00263756
0.348972	0.00141962
0.352302	0
)

((xy/key/label "x_05")
0	0.01
0.0516337	0.00949184
0.0975373	0.00898076
0.139536	0.00844725
0.179862	0.00785288
0.217632	0.00719054
0.251917	0.00645318
0.281575	0.00564265
0.306373	0.0047434
0.326098	0.00373636
0.340178	0.00263736
0.348973	0.00141946
0.352302	0
)
